60.0
60.0
60.0
59.77286312005809
60.0
60.0
60.0
60.0
60.0
53.809728799037124
60.0
60.0
60.0
60.0
60.0
56.31264782074367
60.0
60.0
60.0
60.0
60.0
60.0
60.0
60.0
60.0
60.0
60.0
60.0
60.0
60.0
60.0
60.0
60.0
60.0
60.0
60.0
60.0
55.666889334204456
60.0
60.0
60.0
60.0
60.0
57.0743679013223
60.0
60.0
60.0
57.83355502862705
60.0
60.0
60.0
60.0
60.0
60.0
60.0
60.0
60.0
60.0
60.0
60.0
59.073724007536455
60.0
60.0
60.0
53.99568034558633
60.0
60.0
60.0
59.091177687201466
60.0
60.0
60.0
60.0
60.0
60.0
60.0
60.0
60.0
58.00127602802983
60.0
60.0
60.0
60.0
60.0
60.0
60.0
57.73338721779577
60.0
60.0
60.0
60.0
60.0
60.0
60.0
60.0
60.0
60.0
57.44155321964372
60.0
60.0
60.0
59.150597421013444
60.0
60.0
60.0
60.0
59.33661662612855
60.0
60.0
60.0
60.0
60.0
60.0
60.0
60.0
14.617532268203004
59.08768612625027
60.0
60.0
57.74005427560188
60.0
60.0
60.0
60.0
60.0
60.0
60.0
57.51092707620189
60.0
60.0
60.0
60.0
60.0
60.0
60.0
60.0
60.0
60.0
60.0
60.0
60.0
59.11213572144087
60.0
60.0
60.0
60.0
56.62193533773726
60.0
60.0
58.86854653558497
60.0
60.0
54.22993492408328
60.0
60.0
60.0
54.68066491693295
60.0
60.0
60.0
58.706117177328025
60.0
60.0
60.0
59.72645284589594
60.0
60.0
60.0
59.34365913001275
60.0
60.0
58.98313082458988
60.0
60.0
56.303136084656956
60.0
60.0
60.0
60.0
60.0
60.0
58.42486562275556
60.0
60.0
60.0
54.4514021235541
60.0
60.0
60.0
58.76476464718179
60.0
60.0
59.50964056174413
60.0
60.0
57.62692329861244
60.0
60.0
54.626898284728846
60.0
60.0
60.0
58.65790708591507
60.0
60.0
60.0
58.67167331612812
60.0
60.0
60.0
59.68367651451178
60.0
60.0
60.0
60.0
58.163205955843885
60.0
58.4146270226758
60.0
60.0
59.5663569216421
60.0
60.0
60.0
47.46535029425396
60.0
60.0
60.0
60.0
60.0
60.0
60.0
59.95203836937788
60.0
60.0
60.0
58.63726984871007
60.0
60.0
60.0
56.74724775842857
60.0
60.0
60.0
60.0
60.0
60.0
60.0
60.0
60.0
60.0
60.0
56.328507857829955
60.0
60.0
60.0
58.892815076596875
60.0
60.0
60.0
56.65722379602349
60.0
60.0
60.0
60.0
60.0
60.0
60.0
60.0
60.0
60.0
57.20169317011421
60.0
60.0
60.0
60.0
56.03182607715695
60.0
60.0
60.0
60.0
60.0
60.0
60.0
60.0
60.0
60.0
54.27408412480776
60.0
60.0
60.0
52.60942760938975
60.0
60.0
60.0
60.0
60.0
60.0
60.0
60.0
60.0
60.0
60.0
60.0
54.33896647283883
60.0
60.0
56.87311607802376
60.0
60.0
60.0
60.0
60.0
60.0
60.0
60.0
60.0
60.0
55.035773252620864
60.0
60.0
60.0
58.2682671016915
60.0
60.0
60.0
60.0
60.0
60.0
54.58813254001235
53.85319618723669
60.0
59.53089653532196
60.0
60.0
60.0
60.0
57.77675063549722
60.0
59.90176111177275
60.0
60.0
60.0
60.0
60.0
60.0
60.0
60.0
60.0
60.0
60.0
60.0
60.0
60.0
60.0
57.22133211255835
60.0
60.0
60.0
60.0
60.0
60.0
60.0
58.55143743770742
60.0
60.0
60.0
60.0
52.91565244997459
60.0
60.0
60.0
52.38070294902513
60.0
60.0
60.0
60.0
60.0
60.0
60.0
60.0
60.0
60.0
60.0
60.0
60.0
60.0
60.0
60.0
60.0
60.0
60.0
60.0
60.0
60.0
60.0
60.0
60.0
60.0
60.0
60.0
60.0
60.0
60.0
60.0
60.0
60.0
60.0
60.0
60.0
60.0
60.0
60.0
60.0
60.0
60.0
60.0
60.0
60.0
60.0
60.0
60.0
60.0
60.0
60.0
60.0
60.0
60.0
60.0
60.0
60.0
60.0
60.0
60.0
60.0
60.0
60.0
60.0
60.0
60.0
54.74952094173576
60.0
60.0
60.0
60.0
60.0
60.0
60.0
59.54862144938883
60.0
60.0
60.0
55.88153115392243
60.0
60.0
60.0
60.0
60.0
60.0
60.0
56.61552397667801
60.0
60.0
60.0
60.0
60.0
60.0
60.0
60.0
57.08414202536008
60.0
60.0
52.53480430784745
60.0
55.50005550001829
15.0199765688382
49.39491232405863
60.0
60.0
57.89717461790783
60.0
60.0
60.0
60.0
60.0
60.0
60.0
60.0
60.0
60.0
60.0
60.0
60.0
60.0
60.0
59.64096141224197
60.0
60.0
60.0
55.12983075144755
60.0
60.0
60.0
60.0
60.0
60.0
60.0
60.0
51.74644243213442
60.0
60.0
60.0
60.0
60.0
60.0
60.0
60.0
60.0
54.21523448084788
60.0
60.0
58.92404690359737
60.0
60.0
56.760131683509364
60.0
60.0
60.0
60.0
60.0
60.0
60.0
60.0
60.0
60.0
60.0
60.0
60.0
60.0
60.0
60.0
60.0
60.0
60.0
60.0
60.0
57.002793136806424
60.0
60.0
60.0
60.0
54.95411331533667
60.0
60.0
60.0
55.60189046424446
60.0
60.0
60.0
60.0
60.0
60.0
60.0
60.0
60.0
53.01664722719334
60.0
60.0
60.0
60.0
60.0
60.0
60.0
60.0
60.0
60.0
60.0
57.47456750384085
60.0
60.0
57.85697755152813
60.0
60.0
60.0
56.9411228789494
60.0
60.0
60.0
60.0
60.0
60.0
60.0
60.0
60.0
60.0
60.0
60.0
60.0
60.0
60.0
60.0
53.12084993361998
60.0
60.0
60.0
60.0
60.0
60.0
60.0
60.0
60.0
60.0
60.0
60.0
50.87505087505689
60.0
60.0
60.0
60.0
60.0
60.0
60.0
60.0
60.0
60.0
60.0
60.0
60.0
52.91285253186694
60.0
60.0
60.0
55.567903978716394
60.0
60.0
60.0
60.0
55.28527200352029
60.0
60.0
54.65078150612867
60.0
60.0
60.0
60.0
60.0
60.0
60.0
60.0
60.0
60.0
53.79814934367979
60.0
60.0
53.455925589414946
60.0
60.0
60.0
55.24861878451817
60.0
60.0
55.10856387082082
60.0
60.0
52.37795935470202
60.0
60.0
60.0
58.038305281445126
60.0
60.0
60.0
60.0
60.0
60.0
60.0
53.89963887242782
60.0
60.0
60.0
60.0
60.0
60.0
60.0
60.0
60.0
60.0
60.0
60.0
60.0
60.0
60.0
60.0
60.0
60.0
50.93724531376973
60.0
60.0
57.27376861397543
60.0
60.0
51.61823155938241
60.0
60.0
60.0
51.64222268127503
60.0
60.0
60.0
60.0
60.0
60.0
56.129321957847246
60.0
60.0
57.74338838206746
60.0
60.0
52.37795935470202
60.0
60.0
60.0
60.0
60.0
60.0
60.0
60.0
58.149677269353035
60.0
60.0
49.06530592221561
60.0
60.0
60.0
60.0
60.0
60.0
60.0
57.6867608884615
60.0
60.0
51.63688939380721
60.0
60.0
60.0
60.0
56.718280301759265
60.0
60.0
60.0
60.0
60.0
60.0
60.0
60.0
56.9411228789494
60.0
60.0
60.0
60.0
49.8827754776145
60.0
58.82698982283783
60.0
60.0
60.0
60.0
60.0
60.0
57.56389592449401
60.0
60.0
60.0
60.0
60.0
60.0
57.56058251312124
60.0
60.0
60.0
60.0
60.0
60.0
60.0
56.50355972427612
60.0
60.0
60.0
60.0
60.0
60.0
56.79236710587508
60.0
60.0
60.0
51.27153404426718
60.0
60.0
60.0
52.859710328828996
60.0
60.0
60.0
60.0
60.0
60.0
60.0
60.0
60.0
60.0
56.21135469367697
60.0
56.692556267445006
60.0
60.0
60.0
60.0
60.0
60.0
60.0
60.0
57.813493669472514
60.0
60.0
60.0
60.0
60.0
60.0
60.0
60.0
57.20823798624987
60.0
60.0
60.0
60.0
14.753614635585922
54.68963631394343
60.0
60.0
60.0
60.0
60.0
60.0
60.0
60.0
60.0
60.0
60.0
60.0
60.0
60.0
60.0
60.0
60.0
60.0
60.0
60.0
60.0
60.0
60.0
60.0
60.0
60.0
60.0
60.0
60.0
60.0
60.0
60.0
60.0
60.0
60.0
60.0
60.0
60.0
58.83737349962618
60.0
60.0
60.0
60.0
60.0
60.0
60.0
60.0
60.0
60.0
60.0
60.0
60.0
60.0
60.0
60.0
60.0
60.0
59.18560606059665
60.0
57.810151462655334
60.0
60.0
60.0
60.0
60.0
60.0
60.0
60.0
60.0
60.0
60.0
60.0
60.0
60.0
60.0
60.0
60.0
57.57052389176853
60.0
60.0
58.55143743780486
60.0
60.0
58.428279287112865
60.0
60.0
60.0
60.0
60.0
60.0
60.0
60.0
60.0
60.0
60.0
60.0
60.0
60.0
58.54458169899682
60.0
60.0
60.0
59.091177687201466
60.0
60.0
60.0
60.0
60.0
60.0
55.91590248263688
60.0
60.0
60.0
60.0
60.0
60.0
60.0
60.0
48.08617041734526
60.0
60.0
60.0
60.0
60.0
60.0
60.0
60.0
60.0
52.99697917220084
60.0
60.0
60.0
60.0
50.23610971568441
60.0
60.0
60.0
60.0
60.0
60.0
60.0
60.0
60.0
60.0
60.0
60.0
55.859680482651626
60.0
60.0
60.0
60.0
60.0
60.0
60.0
60.0
60.0
60.0
59.05628063546464
60.0
60.0
